1571035056923377665
1571034735325106178
1571030176192139264
1571024468960772098
1571024247409250307
1571024143893803008
1570993944464596995
1570987844348542976
1570987552471150594
1570986610304622597
1570985314340204544
1570984555213107200
1570977116933754881
1570971601734340608
1570965352498233345
1570925435483222016
1570903707101073408
1570900162620555264
1570867419857702914
1570840218521210883
1570838570486886400
1570824077262356481
1570823787435945985
1570819647020367874
1570807819343106049
1570803057684025345
1570802428555202560
1570774582738685953
1570774175022985216
1570773632930189325
1570772783017390080
1570772618940383235
1570772521422843910
1570772371862331392
1570768205546946562
1570752519718187009
1570750138544693248
1570747741021802501
1570742747568668675
1570742149905518592
1570738577155452932
1570732322219229184
1570727847807029249
1570725706501623808
1570725514175983616
1570725206234386435
1570725057584037890
1570724938528722945
1570724907750948864
1570724870065115136
1570711612587384836
1570705779254243329
1570691843700170755
1570690861624889349
1570689154299867143
1570684266283159555
1570684113841188864
1570668821987266560
1570667332149850113
1570667260997668864
1570654538214043648
1570635662801666048
1570634590737567749
1570634182984081409
1570633131769884674
1570633016086769664
1570632817108979712
1570623049564815363
1570622971676598279
1570622883814313984
1570618537592631297
1570616564717854725
1570614374557184000
1570612886699122688
1570612812548046848
1570612625058459652
1570612367100346370
1570612093984079876
1570611660125278211
1570608044719091717
1570607978138701824
1570603674510172161
1570602120214347783
1570601559628877825
1570600466207379456
1570600061486379008
1570598203925606400
1570597072709230592
1570596423347081216
1570596142077087745
1570596096602427392
1570596025274109952
1570595767307632643
1570593635573567490
1570591957831004161
1570591588539310081
1570590803541762049
1570587046821101569
1570586992269991937
1570586441377533952
1570586358732951553
1570584955218194433
1570584703895490561
1570584321471422466
1570584201229119488
1570584139694481408
1570583943833059328
1570583892528332801
1570583121770450944
1570582030165114881
1570579011830706178
1570578214107348992
1570576253274689536
1570574404048023554
1570573458119204867
1570573409884737538
1570548599137906689
1570491888125509632
1570491293008265216
1570490481704071168
1570470956157800448
1570464121963028480
1570457352377348098
1570455840808894473
1570453309282222080
1570452198303346688
1570443975433285632
1570436448352075778
1570436321717649410
1570432639697588224
1570427762795749376
1570425321454964742
1570423175330279424
1570422287261913088
1570422172551876614
1570421908247842818
1570413805422911488
1570406402769973252
1570405411999862788
1570402099527307264
1570395967387742209
1570395949486444546
1570395889935740928
1570395855529840640
1570395829583876105
1570395688676229121
1570392298504224769
1570388661182812160
1570386519818653697
1570385911665553416
1570385649609613313
1570385084808826883
1570384997315649536
1570384473224794121
1570384167921418240
1570374668074491910
1570355830226288640
1570355645437874178
1570355551200227329
1570354544399515653
1570338907165978626
1570337313770831877
1570335853729419264
1570321249477488640
1570318542666629121
1570311644580024320
1570302281488400384
1570300078874824705
1570297418188726274
1570295173820874752
1570293668116074496
1570279787805179904
1570275764762976256
1570265443914625029
1570265027093090306
1570264831273611264
1570264748591304706
1570264097752752129
1570263920174333952
1570263611884605442
1570244609732923393
1570242710031966208
1570233878677454851
1570232427733463045
1570232099655024642
1570226097798938625
1570225756948803587
1570213965237747715
1570205147204308992
1570192231621079042
1570191456840855553
1570187172325789697
1570172756385468417
1570167605260070912
1570131364749660161
1570116894933549056
1570101801302757376
1570093307069607936
1570076567455531008
1570076072653524993
1570076063929368576
1570075061721403392
1570074399583375360
1570067223242493957
1570062705930956800
1570062610862866434
1570061938188779528
1570059402694238209
1570059120753123330
1570058830641528832
1570057140269887489
1570057066924109825
1570057058829111296
1570056924246450177
1570056392534532098
1570055441262215173
1570053056154468352
1570053005214621697
1570052958855008259
1570052510026723331
1570052474144452610
1570051838208266241
1570051797330595843
1570051243598557184
1570051062354300929
1570050601903587329
1570049985475145735
1570049861088849920
1570049533941542915
1570049391402299400
1570049365104029697
1570049193762496512
1570048279660077058
1570047806785859584
1570047771297845249
1570047602149949445
1570047533875101698
1570047330736574466
1570046218625257472
1570046107849465856
1570044131883520005
1570044097402138625
1570044071732981762
1570043757147586560
1570043497318871040
1570041044636667904
1570040600799645697
1570039052812054528
1570038577026957321
1570037806101336066
1570037721124732928
1570036397838565379
1570034497101660167
1570034486544564230
1570033899669164034
1570033136880451586
1570031500023988226
1570031458047389698
1570031188202631169
1570030828402638849
1570029771148632064
1570024777951346689
1570023438122905601
1570023171365142535
1570022226430431237
1570019536585498624
1570018968697700352
1570018407512436737
1570018287874113544
1570018011108749312
1570017837166792705
1570017711207612417
1570016363091234817
1570015875360751618
1570015162211667970
1570014831247523842
1570014253016567809
1570013976569970688
1570013940234752005
1570013667286200320
1570013661581942785
1570013113285767169
1570012446265593856
1570012269228195840
1570011359940841472
1570010941710012419
1570010401903112193
1570009955557842948
1570008827919208448
1570006875625914370
1570005429933211650
1570005272315437059
1570004599658119168
1570004407152148480
1570004250050330625
1570004120337256448
1570002627731259392
1570000991671701507
1570000166673088512
1569996653972815873
1569996344940724225
1569995991386062848
1569995926097522689
1569995156514050051
1569994948573011971
1569993017163132928
1569992127815495681
1569991135770345479
1569991116371677184
1569990878739197953
1569990693640376321
1569989400733581312
1569989317258510337
1569988680907116544
1569987933519904773
1569987177517559809
1569987019404881920
1569986501408354306
1569985384427446272
1569981338572455937
1569980152863682563
1569979406629900288
1569979089863475201
1569979022414860290
1569976034078117894
1569974832036741120
1569973995319226368
1569964578200776704
1569959030856220673
1569955634027663367
1569946970831360000
1569946695672406016
1569946145774010368
1569944486054350849
1569939134718029825
1569936733604835329
1569935295940018181
1569934649480351744
1569919615433854976
1569919579585134592
1569919533485543428
1569919498802831360
1569919374101987328
1569919229796958209
1569918980642713600
1569918949537763331
1569907559259336710
1569906888783036416
1569905480109268992
1569895770912100352
1569887910253727745
1569887270106288130
1569880678564794368
1569874774901538822
1569872998601203713
1569872509843173376
1569861386813190144
1569859765874077696
1569858066358861824
1569853946482806785
1569853602499538944
1569853114207059968
1569837759887712256
1569835859897380864
1569826990718611457
1569821644558053377
1569820993937633280
1569819909554831362
1569811559911952386
1569809737818198017
1569752183985537025
1569752065748135937
1569729199858139136
1569728498167869446
1569728407055007745
1569725523353567233
1569722914395811841
1569720925301649409
1569717916530266114
1569717301255221249
1569715732057067520
1569715445082779648
1569714392589287424
1569714186267262978
1569711428369805313
1569707865606352897
1569701250094239751
1569680468542631936
1569675931450744833
1569662749764120578
1569662272687198209
1569661656283881477
1569647436293079043
1569647423638892547
1569646955328065539
1569637288585592833
1569636149882400768
1569635699242172416
1569635644145811458
1569635586495094785
1569634697642414080
1569632633977708545
1569632015338840071
1569615795382292480
1569564526747713539
1569555831196389376
1569554742170513415
1569547504966041600
1569544300144513025
1569533636415987713
1569523822067589120
1569523820750569473
1569521398271582211
1569504077238902787
1569499892208537600
1569498955792404480
1569498741916463105
1569494148394401792
1569490420614447105
1569489128227770370
1569464746377883649
1569454773111517185
1569454714022154241
1569454676395048964
1569454645315268609
1569454598083219458
1569454552960888832
1569452098940710913
1569452060386664448
1569452029789237248
1569448077182013440
1569445909230133249
1569395777591738370
1569391332900376577
1569375691589980162
1569354775187300353
1569354665808248840
1569347860046688257
1569346170421653510
1569332721360732161
1569332269218942977
1569315582302105601
1569313389880700928
1569312043903369217
1569311107072032768
1569310915388121088
1569310354953613317
1569308474521321474
1569308306719805447
1569298718960287747
1569295481997791232
1569289180760674304
1569288193106911233
1569288182117842944
1569288004551999490
1569287195374256128
1569281563392884740
1569278877503209472
1569275955817975808
1569273673529593864
1569271607881007105
1569270778147016706
1569268133680259082
1569268104328527873
1569268049475432449
1569267768146685954
1569267215618445317
1569266170876022794
1569266065871630337
1569265417742598144
1569265284011425793
1569262898027073536
1569262705558814720
1569252131005255680
1569250612944195585
1569250400322338822
1569250098701533185
1569248989807259648
1569247810356400128
1569241279455989762
1569238354121879552
1569238129760157697
1569234455931551744
1569234242806349825
1569233099770466304
1569230361774923782
1569225347060887558
1569223550904713216
1569220340357955590
1569219294525009920
1569216744430116864
1569216146364329984
1569216132741210112
1569209520651653121
1569208691139964928
1569208419789447170
1569204467480035329
1569202918825562112
1569201361501454338
1569199024812740611
1569198134299086848
1569197224315465729
1569195728156893185
1569195494655815680
1569194989644824576
1569194603383001089
1569194542880141312
1569190557414731779
1569190181395378177
1569189065312071681
1569188191453990912
1569187979868119041
1569187541794041858
1569186226858762242
1569183889968734208
1569182741094350850
1569181742782902272
1569181119157014528
1569180679942074369
1569179255015358466
1569177516379901953
1569176903734657024
1569175439608004609
1569171141847314434
1569168125329043457
1569164473231097856
1569162391442837505
1569162339479592960
1569162261109043200
1569162179643080705
1569161160100048896
1569159718249336836
1569158997105844224
1569157389454307329
1569156918022905856
1569156229913808897
1569153885352378369
1569152204069818368
1569151457726976002
1569151240495591426
1569150526356602880
1569147210310483968
1569140326161592328
1569139831451820034
1569139249689276418
1569138520849252352
1569134620607938562
1569134345201545217
1569132671871361026
1569131834986086407
1569131448212553730
1569130326743740416
1569130120606261248
1569128156329803776
1569123494998474752
1569122034604736512
1569120658550046720
1569120130386493441
1569119762617368576
1569118283684806659
1569117126300176384
1569107126538350593
1569106259168866304
1569102382268821505
1569098096625471488
1569097090722312193
1569094265783058432
1569092527948705798
1569016019099983872
1569008361110405121
1568993399264657408
1568993147866476548
1568991932206166017
1568991768385036291
1568991131085709313
1568989968554672129
1568987722358099975
1568986897300750339
1568986071643607042
1568983211115696128
1568982625402126337
1568982453150433284
1568973502295973889
1568973159948521478
1568973123315453952
1568973088456572930
1568973033855143940
1568972998748835841
1568972967874547713
1568972504588500992
1568971533040889856
1568970625741647874
1568970521148272640
1568963580032319491
1568961906563751940
1568961861730848769
1568961606591315969
1568957567715672064
1568957504205524992
1568956796588691456
1568955440339505158
1568954220287791104
1568952898285109255
1568952860205027329
1568949883373260801
1568949423497158657
1568949234417926144
1568948478914732032
1568948235552833536
1568948217492180994
1568947866084982786
1568947843796471809
1568945702302289922
1568939348137234440
1568935035310583809
1568933879851122693
1568933428585975808
1568930039722561537
1568929570589659137
1568928996871794695
1568928287640154112
1568927702845116421
1568920417364246528
1568918625393979393
1568916134321336320
1568915674051006464
1568911933209997313
1568900625194455040
1568900266208169985
1568892161634242562
1568891931803136000
1568887896735887360
1568877053877043200
1568876356704026624
1568875938196373504
1568875487304499201
1568864885546819584
1568864277293051907
1568856480379731969
1568855139632705538
1568854988486774784
1568854813366157312
1568854139404427265
1568849084748042240
1568846016602054656
1568846007554953221
1568845951556808704
1568845940857131009
1568845932158140418
1568845919260672002
1568841960563298308
1568841339315585026
1568829006375710727
1568828779073794049
1568828691018579968
1568828626413682690
1568827643927343104
1568822111615197184
1568821731636424705
1568817755226513408
1568813821225213958
1568804958413402114
1568798355563880448
1568798095101816832
1568797951291719682
1568796874282532865
1568793409879699458
1568792978579398656
1568792434527850497
1568791582375288832
1568788894786940928
1568788767858896896
1568788480410664965
1568788306170904577
1568787979103272961
1568785298938818561
1568780207036985344
1568780112883232768
1568780045820526594
1568779971799453696
1568779905105821697
1568779080589537280
1568779021269495809
1568778157502922752
1568777292171845634
1568776917591146498
1568775811586748417
1568774761681141764
1568774691829186561
1568774447108337665
1568773413057220609
1568772859602046976
1568772250391969792
1568771813429383168
1568771694181105664
1568771569295720448
1568769155524067328
1568769065120055296
1568768874035957765
1568768576273907712
1568768359210295296
1568768348263190528
1568767510031511553
1568767446189998081
1568766933419593728
1568766549271662592
1568766094239997954
1568765785199493122
1568765657008992256
1568764446570586112
1568764242341564424
1568764050972233729
1568763621232222209
1568763495898058752
1568763010289913857
1568762495464251392
1568762001928908801
1568761831564673024
1568761798601605120
1568761797578207232
1568761479251513345
1568760486417793024
1568760198218784768
1568759047918321664
1568758704568430593
1568758008200728576
1568757969004933121
1568757772329824256
1568757740029509632
1568757299841466368
1568666389959028736
1568658262752661504
1568655665627025410
1568654440135294976
1568647147096244226
1568638555060314114
1568633368677617664
1568629157885804544
1568629030697697281
1568628398632890369
1568628116679176195
1568627954644811777
1568626951807709184
1568625666215804928
1568625164547653632
1568625062466719745
1568623331347406850
1568621903237226498
1568621571287449600
1568621365045129216
1568621019212165121
1568620283581579264
1568619769473159168
1568619461980336130
1568617989813211138
1568617370431922176
1568617301670531072
1568615887485419520
1568615638872227840
1568615243944964100
1568610123362484224
1568596381341995008
1568592265999958016
1568586993361383424
1568576791635464193
1568576457013874689
1568574461905084417
1568573722931625985
1568562841648758785
1568562175542964226
1568552800283656193
1568547504408662016
1568546557469007873
1568546102122786816
1568542730598645763
1568541502657429504
1568539434794242054
1568539250483933185
1568534868572905473
1568531499519201280
1568529264932429825
1568524621183614976
